-2.62922993727178277299884675255515043545073789985036698551017442191917305614973230100988563413259964435584801700012222568723349374816833368129209702601656317710876464843750000 -2.62226014840809849903081718089843617919359292652667012743825923350409991691957243494507170687885705020639009247964135974078876819767791594983918912475928664207458496093750000 
0.02160170300593025318443553383061180413343981991472682484054038165359748868737491012928259871580343356530120822107393326212778402860975601740278762008529156446456909179687500 0.04722466381279256229257465825914178918573043787324057904367656281027102719747985742291879463165904252198137952971848295372199152183240178359824312792625278234481811523437500 

2.03294471869873612366130637882477826005160157529590263594809762537352071376517415046691894531250 0.37374958885987417875530456660993609611082697768743644391106761837306748930132016539573669433593750 


TANH
-0.15305580491850648119185986007750235097532918320848066796092135259579184919884336166406343548960258118492234384566734730824128686468915857222828798483753515776578657536788341531064361333847045898437500 -0.12396670678933792096442543782785313295556810515416055606530503485049214644506403365536496549554870381244069570884041486259234239847365662502444046338716460761014692693038341531064361333847045898437500 
-0.145818200689146779758078639895985503624042524256204148144847037184446924475789037904784516619509131753558770393771384522131820337394016145985839173371566073952876330110939306905493140220642089843750 -0.102620596234834744780444356506077575443543066463844798181023895001666433530282477567522495492766950213440465459884658106761505023808535280686479452705604569970332384798439306905493140220642089843750 

0.79565210834869636740868444161628423508342067064247215065764251562541176099330186843872070312500 -0.60618298865051923265178415015908466529845531433821760890934271515106956940144300460815429687500 

-0.32613661907654894792306235704662799672861125913940580505988642738403307100706066451311260204953443681526263899262272928391985704074401798349550421485254503295436734333634376525878906250 -0.49836446553736398737724068657887693310006628092000006798045579546106925241376790489008010367654581038013420547189003157338738518735993355759797754367390609786525601521134376525878906250 
-0.1502484274685334087460431280318216319857532131605775742631519809067380796451115818597980200769977877636961420351373213156849873373932879592112859742925046191430737962946295738220214843750 -0.2530781980389930681246819209094694505641650682899327564971926193239027434506649897984352156420655300005420938380660850831789432956281737649911539253522185788369824877008795738220214843750 

1.51383659256488321663752991250525542135440627468464891647315084810543339699506759643554687500000 -1.48157805110259090966510969785975170029017361643601088833643864006717194570228457450866699218750 


